seq,step,time,tag,phase,current_bytes,actual_bytes,highwater_bytes
0,-1,0,setup.start,point,0,0,0
1,0,0,setup.end,point,17412640740,40000000000,20062052820
2,1,1,timeStep,enter,17412640740,40000000000,20062052820
3,1,1,step-start,point,17412640740,40000000000,20062052820
4,1,1,momentumSolve,enter,19567198975,40000000000,22304989423
5,-1,1,PDE.solveRhs.afterAssemble,point,20027100799,40000000000,25572057895
6,-1,1,PDE.solveRhs.afterSavedRhs,point,20419109383,40000000000,25572057895
7,-1,1,PDE.solveRhs.beforeSolve,point,20419109383,40000000000,25572057895
8,-1,1,PDE.solveRhs.afterSolve,point,20419109383,40000000000,25572057895
9,1,1,momentumSolve,exit,20027100799,40000000000,25572057895
10,1,1,after-UEqn,point,20027100799,40000000000,25572057895
11,1,1,pEqn,enter,22153936919,40000000000,25572057895
12,-1,1,PDE.solveImpl.beforeAssemble,point,23299307895,40000000000,25572057895
13,-1,1,PDE.solveImpl.afterAssemble,point,23693874951,40000000000,25572057895
14,-1,1,PDE.solveImpl.beforeSolve,point,23693874951,40000000000,25572057895
15,-1,1,PDE.solveImpl.afterSolve,point,23693874951,40000000000,25572057895
16,1,1,pEqn,exit,23693874951,40000000000,25572057895
17,1,1,after-pEqn,point,21567038831,40000000000,25572057895
18,-1,1,kOmegaSST.correct,enter,21567038831,40000000000,25572057895
19,-1,1,kOmegaSST.afterGradients,point,21567038831,40000000000,25572057895
20,-1,1,kOmegaSST.omegaEqn.before,point,21567038831,40000000000,25572057895
21,-1,1,PDE.solveImpl.beforeAssemble,point,22712409807,40000000000,25572057895
22,-1,1,PDE.solveImpl.afterAssemble,point,22712409807,40000000000,25572057895
23,-1,1,PDE.solveImpl.beforeSolve,point,22712409807,40000000000,25572057895
24,-1,1,PDE.solveImpl.afterSolve,point,22712409807,40000000000,25572057895
25,-1,1,kOmegaSST.omegaEqn.after,point,22712409807,40000000000,25572057895
26,-1,0,kOmegaSST.boundRepair,enter,22712409807,40000000000,25572057895
27,-1,0,kOmegaSST.boundRepair,exit,22712409807,40000000000,25572057895
28,-1,1,kOmegaSST.kEqn.before,point,22712409807,40000000000,25572057895
29,-1,1,PDE.solveImpl.beforeAssemble,point,23857780783,40000000000,26016491263
30,-1,1,PDE.solveImpl.afterAssemble,point,23857780783,40000000000,26016491263
31,-1,1,PDE.solveImpl.beforeSolve,point,23857780783,40000000000,26016491263
32,-1,1,PDE.solveImpl.afterSolve,point,23857780783,40000000000,26016491263
33,-1,1,kOmegaSST.kEqn.after,point,23857780783,40000000000,26016491263
34,-1,1,kOmegaSST.correct,exit,23857780783,40000000000,26016491263
35,1,1,after-turb,point,23857780783,40000000000,26016491263
36,1,1,timeStep,exit,23857780783,40000000000,26016491263
37,2,2,timeStep,enter,23857780783,40000000000,26016491263
38,2,2,step-start,point,23857780783,40000000000,26016491263
39,2,2,momentumSolve,enter,23857780783,40000000000,26016491263
40,-1,2,PDE.solveRhs.afterAssemble,point,23857780783,40000000000,29402737879
41,-1,2,PDE.solveRhs.afterSavedRhs,point,24249789367,40000000000,29402737879
42,-1,2,PDE.solveRhs.beforeSolve,point,24249789367,40000000000,29402737879
43,-1,2,PDE.solveRhs.afterSolve,point,24249789367,40000000000,29402737879
44,2,2,momentumSolve,exit,23857780783,40000000000,29402737879
45,2,2,after-UEqn,point,23857780783,40000000000,29402737879
46,2,2,pEqn,enter,25984616903,40000000000,29402737879
47,-1,2,PDE.solveImpl.beforeAssemble,point,25984616903,40000000000,29402737879
48,-1,2,PDE.solveImpl.afterAssemble,point,25984616903,40000000000,29402737879
49,-1,2,PDE.solveImpl.beforeSolve,point,25984616903,40000000000,29402737879
50,-1,2,PDE.solveImpl.afterSolve,point,25984616903,40000000000,29402737879
51,2,2,pEqn,exit,25984616903,40000000000,29402737879
52,2,2,after-pEqn,point,23857780783,40000000000,29402737879
53,-1,2,kOmegaSST.correct,enter,23857780783,40000000000,29402737879
54,-1,2,kOmegaSST.afterGradients,point,23857780783,40000000000,29402737879
55,-1,2,kOmegaSST.omegaEqn.before,point,23857780783,40000000000,29402737879
56,-1,2,PDE.solveImpl.beforeAssemble,point,23857780783,40000000000,29402737879
57,-1,2,PDE.solveImpl.afterAssemble,point,23857780783,40000000000,29402737879
58,-1,2,PDE.solveImpl.beforeSolve,point,23857780783,40000000000,29402737879
59,-1,2,PDE.solveImpl.afterSolve,point,23857780783,40000000000,29402737879
60,-1,2,kOmegaSST.omegaEqn.after,point,23857780783,40000000000,29402737879
61,-1,0,kOmegaSST.boundRepair,enter,23857780783,40000000000,29402737879
62,-1,0,kOmegaSST.boundRepair,exit,23857780783,40000000000,29402737879
63,-1,2,kOmegaSST.kEqn.before,point,23857780783,40000000000,29402737879
64,-1,2,PDE.solveImpl.beforeAssemble,point,23857780783,40000000000,29402737879
65,-1,2,PDE.solveImpl.afterAssemble,point,23857780783,40000000000,29402737879
66,-1,2,PDE.solveImpl.beforeSolve,point,23857780783,40000000000,29402737879
67,-1,2,PDE.solveImpl.afterSolve,point,23857780783,40000000000,29402737879
68,-1,2,kOmegaSST.kEqn.after,point,23857780783,40000000000,29402737879
69,-1,2,kOmegaSST.correct,exit,23857780783,40000000000,29402737879
70,2,2,after-turb,point,23857780783,40000000000,29402737879
71,2,2,timeStep,exit,23857780783,40000000000,29402737879
72,3,3,timeStep,enter,23857780783,40000000000,29402737879
73,3,3,step-start,point,23857780783,40000000000,29402737879
74,3,3,momentumSolve,enter,23857780783,40000000000,29402737879
75,-1,3,PDE.solveRhs.afterAssemble,point,23857780783,40000000000,29402737879
76,-1,3,PDE.solveRhs.afterSavedRhs,point,24249789367,40000000000,29402737879
77,-1,3,PDE.solveRhs.beforeSolve,point,24249789367,40000000000,29402737879
78,-1,3,PDE.solveRhs.afterSolve,point,24249789367,40000000000,29402737879
79,3,3,momentumSolve,exit,23857780783,40000000000,29402737879
80,3,3,after-UEqn,point,23857780783,40000000000,29402737879
81,3,3,pEqn,enter,25984616903,40000000000,29402737879
82,-1,3,PDE.solveImpl.beforeAssemble,point,25984616903,40000000000,29402737879
83,-1,3,PDE.solveImpl.afterAssemble,point,25984616903,40000000000,29402737879
84,-1,3,PDE.solveImpl.beforeSolve,point,25984616903,40000000000,29402737879
85,-1,3,PDE.solveImpl.afterSolve,point,25984616903,40000000000,29402737879
86,3,3,pEqn,exit,25984616903,40000000000,29402737879
87,3,3,after-pEqn,point,23857780783,40000000000,29402737879
88,-1,3,kOmegaSST.correct,enter,23857780783,40000000000,29402737879
89,-1,3,kOmegaSST.afterGradients,point,23857780783,40000000000,29402737879
90,-1,3,kOmegaSST.omegaEqn.before,point,23857780783,40000000000,29402737879
91,-1,3,PDE.solveImpl.beforeAssemble,point,23857780783,40000000000,29402737879
92,-1,3,PDE.solveImpl.afterAssemble,point,23857780783,40000000000,29402737879
93,-1,3,PDE.solveImpl.beforeSolve,point,23857780783,40000000000,29402737879
94,-1,3,PDE.solveImpl.afterSolve,point,23857780783,40000000000,29402737879
95,-1,3,kOmegaSST.omegaEqn.after,point,23857780783,40000000000,29402737879
96,-1,0,kOmegaSST.boundRepair,enter,23857780783,40000000000,29402737879
97,-1,0,kOmegaSST.boundRepair,exit,23857780783,40000000000,29402737879
98,-1,3,kOmegaSST.kEqn.before,point,23857780783,40000000000,29402737879
99,-1,3,PDE.solveImpl.beforeAssemble,point,23857780783,40000000000,29402737879
100,-1,3,PDE.solveImpl.afterAssemble,point,23857780783,40000000000,29402737879
101,-1,3,PDE.solveImpl.beforeSolve,point,23857780783,40000000000,29402737879
102,-1,3,PDE.solveImpl.afterSolve,point,23857780783,40000000000,29402737879
103,-1,3,kOmegaSST.kEqn.after,point,23857780783,40000000000,29402737879
104,-1,3,kOmegaSST.correct,exit,23857780783,40000000000,29402737879
105,3,3,after-turb,point,23857780783,40000000000,29402737879
106,3,3,timeStep,exit,23857780783,40000000000,29402737879
107,4,4,timeStep,enter,23857780783,40000000000,29402737879
108,4,4,step-start,point,23857780783,40000000000,29402737879
109,4,4,momentumSolve,enter,23857780783,40000000000,29402737879
110,-1,4,PDE.solveRhs.afterAssemble,point,23857780783,40000000000,29402737879
111,-1,4,PDE.solveRhs.afterSavedRhs,point,24249789367,40000000000,29402737879
112,-1,4,PDE.solveRhs.beforeSolve,point,24249789367,40000000000,29402737879
113,-1,4,PDE.solveRhs.afterSolve,point,24249789367,40000000000,29402737879
114,4,4,momentumSolve,exit,23857780783,40000000000,29402737879
115,4,4,after-UEqn,point,23857780783,40000000000,29402737879
116,4,4,pEqn,enter,25984616903,40000000000,29402737879
117,-1,4,PDE.solveImpl.beforeAssemble,point,25984616903,40000000000,29402737879
118,-1,4,PDE.solveImpl.afterAssemble,point,25984616903,40000000000,29402737879
119,-1,4,PDE.solveImpl.beforeSolve,point,25984616903,40000000000,29402737879
120,-1,4,PDE.solveImpl.afterSolve,point,25984616903,40000000000,29402737879
121,4,4,pEqn,exit,25984616903,40000000000,29402737879
122,4,4,after-pEqn,point,23857780783,40000000000,29402737879
123,-1,4,kOmegaSST.correct,enter,23857780783,40000000000,29402737879
124,-1,4,kOmegaSST.afterGradients,point,23857780783,40000000000,29402737879
125,-1,4,kOmegaSST.omegaEqn.before,point,23857780783,40000000000,29402737879
126,-1,4,PDE.solveImpl.beforeAssemble,point,23857780783,40000000000,29402737879
127,-1,4,PDE.solveImpl.afterAssemble,point,23857780783,40000000000,29402737879
128,-1,4,PDE.solveImpl.beforeSolve,point,23857780783,40000000000,29402737879
129,-1,4,PDE.solveImpl.afterSolve,point,23857780783,40000000000,29402737879
130,-1,4,kOmegaSST.omegaEqn.after,point,23857780783,40000000000,29402737879
131,-1,4,kOmegaSST.kEqn.before,point,23857780783,40000000000,29402737879
132,-1,4,PDE.solveImpl.beforeAssemble,point,23857780783,40000000000,29402737879
133,-1,4,PDE.solveImpl.afterAssemble,point,23857780783,40000000000,29402737879
134,-1,4,PDE.solveImpl.beforeSolve,point,23857780783,40000000000,29402737879
135,-1,4,PDE.solveImpl.afterSolve,point,23857780783,40000000000,29402737879
136,-1,4,kOmegaSST.kEqn.after,point,23857780783,40000000000,29402737879
137,-1,4,kOmegaSST.correct,exit,23857780783,40000000000,29402737879
138,4,4,after-turb,point,23857780783,40000000000,29402737879
139,4,4,timeStep,exit,23857780783,40000000000,29402737879
140,5,5,timeStep,enter,23857780783,40000000000,29402737879
141,5,5,step-start,point,23857780783,40000000000,29402737879
142,5,5,momentumSolve,enter,23857780783,40000000000,29402737879
143,-1,5,PDE.solveRhs.afterAssemble,point,23857780783,40000000000,29402737879
144,-1,5,PDE.solveRhs.afterSavedRhs,point,24249789367,40000000000,29402737879
145,-1,5,PDE.solveRhs.beforeSolve,point,24249789367,40000000000,29402737879
146,-1,5,PDE.solveRhs.afterSolve,point,24249789367,40000000000,29402737879
147,5,5,momentumSolve,exit,23857780783,40000000000,29402737879
148,5,5,after-UEqn,point,23857780783,40000000000,29402737879
149,5,5,pEqn,enter,25984616903,40000000000,29402737879
150,-1,5,PDE.solveImpl.beforeAssemble,point,25984616903,40000000000,29402737879
151,-1,5,PDE.solveImpl.afterAssemble,point,25984616903,40000000000,29402737879
152,-1,5,PDE.solveImpl.beforeSolve,point,25984616903,40000000000,29402737879
153,-1,5,PDE.solveImpl.afterSolve,point,25984616903,40000000000,29402737879
154,5,5,pEqn,exit,25984616903,40000000000,29402737879
155,5,5,after-pEqn,point,23857780783,40000000000,29402737879
156,-1,5,kOmegaSST.correct,enter,23857780783,40000000000,29402737879
157,-1,5,kOmegaSST.afterGradients,point,23857780783,40000000000,29402737879
158,-1,5,kOmegaSST.omegaEqn.before,point,23857780783,40000000000,29402737879
159,-1,5,PDE.solveImpl.beforeAssemble,point,23857780783,40000000000,29402737879
160,-1,5,PDE.solveImpl.afterAssemble,point,23857780783,40000000000,29402737879
161,-1,5,PDE.solveImpl.beforeSolve,point,23857780783,40000000000,29402737879
162,-1,5,PDE.solveImpl.afterSolve,point,23857780783,40000000000,29402737879
163,-1,5,kOmegaSST.omegaEqn.after,point,23857780783,40000000000,29402737879
164,-1,5,kOmegaSST.kEqn.before,point,23857780783,40000000000,29402737879
165,-1,5,PDE.solveImpl.beforeAssemble,point,23857780783,40000000000,29402737879
166,-1,5,PDE.solveImpl.afterAssemble,point,23857780783,40000000000,29402737879
167,-1,5,PDE.solveImpl.beforeSolve,point,23857780783,40000000000,29402737879
168,-1,5,PDE.solveImpl.afterSolve,point,23857780783,40000000000,29402737879
169,-1,5,kOmegaSST.kEqn.after,point,23857780783,40000000000,29402737879
170,-1,5,kOmegaSST.correct,exit,23857780783,40000000000,29402737879
171,5,5,after-turb,point,23857780783,40000000000,29402737879
172,5,5,timeStep,exit,23857780783,40000000000,29402737879
173,6,6,timeStep,enter,23857780783,40000000000,29402737879
174,6,6,step-start,point,23857780783,40000000000,29402737879
175,6,6,momentumSolve,enter,23857780783,40000000000,29402737879
176,-1,6,PDE.solveRhs.afterAssemble,point,23857780783,40000000000,29402737879
177,-1,6,PDE.solveRhs.afterSavedRhs,point,24249789367,40000000000,29402737879
178,-1,6,PDE.solveRhs.beforeSolve,point,24249789367,40000000000,29402737879
179,-1,6,PDE.solveRhs.afterSolve,point,24249789367,40000000000,29402737879
180,6,6,momentumSolve,exit,23857780783,40000000000,29402737879
181,6,6,after-UEqn,point,23857780783,40000000000,29402737879
182,6,6,pEqn,enter,25984616903,40000000000,29402737879
183,-1,6,PDE.solveImpl.beforeAssemble,point,25984616903,40000000000,29402737879
184,-1,6,PDE.solveImpl.afterAssemble,point,25984616903,40000000000,29402737879
185,-1,6,PDE.solveImpl.beforeSolve,point,25984616903,40000000000,29402737879
186,-1,6,PDE.solveImpl.afterSolve,point,25984616903,40000000000,29402737879
187,6,6,pEqn,exit,25984616903,40000000000,29402737879
188,6,6,after-pEqn,point,23857780783,40000000000,29402737879
189,-1,6,kOmegaSST.correct,enter,23857780783,40000000000,29402737879
190,-1,6,kOmegaSST.afterGradients,point,23857780783,40000000000,29402737879
191,-1,6,kOmegaSST.omegaEqn.before,point,23857780783,40000000000,29402737879
192,-1,6,PDE.solveImpl.beforeAssemble,point,23857780783,40000000000,29402737879
193,-1,6,PDE.solveImpl.afterAssemble,point,23857780783,40000000000,29402737879
194,-1,6,PDE.solveImpl.beforeSolve,point,23857780783,40000000000,29402737879
195,-1,6,PDE.solveImpl.afterSolve,point,23857780783,40000000000,29402737879
196,-1,6,kOmegaSST.omegaEqn.after,point,23857780783,40000000000,29402737879
197,-1,6,kOmegaSST.kEqn.before,point,23857780783,40000000000,29402737879
198,-1,6,PDE.solveImpl.beforeAssemble,point,23857780783,40000000000,29402737879
199,-1,6,PDE.solveImpl.afterAssemble,point,23857780783,40000000000,29402737879
200,-1,6,PDE.solveImpl.beforeSolve,point,23857780783,40000000000,29402737879
201,-1,6,PDE.solveImpl.afterSolve,point,23857780783,40000000000,29402737879
202,-1,6,kOmegaSST.kEqn.after,point,23857780783,40000000000,29402737879
203,-1,6,kOmegaSST.correct,exit,23857780783,40000000000,29402737879
204,6,6,after-turb,point,23857780783,40000000000,29402737879
205,6,6,timeStep,exit,23857780783,40000000000,29402737879
206,7,7,timeStep,enter,23857780783,40000000000,29402737879
207,7,7,step-start,point,23857780783,40000000000,29402737879
208,7,7,momentumSolve,enter,23857780783,40000000000,29402737879
209,-1,7,PDE.solveRhs.afterAssemble,point,23857780783,40000000000,29402737879
210,-1,7,PDE.solveRhs.afterSavedRhs,point,24249789367,40000000000,29402737879
211,-1,7,PDE.solveRhs.beforeSolve,point,24249789367,40000000000,29402737879
212,-1,7,PDE.solveRhs.afterSolve,point,24249789367,40000000000,29402737879
213,7,7,momentumSolve,exit,23857780783,40000000000,29402737879
214,7,7,after-UEqn,point,23857780783,40000000000,29402737879
215,7,7,pEqn,enter,25984616903,40000000000,29402737879
216,-1,7,PDE.solveImpl.beforeAssemble,point,25984616903,40000000000,29402737879
217,-1,7,PDE.solveImpl.afterAssemble,point,25984616903,40000000000,29402737879
218,-1,7,PDE.solveImpl.beforeSolve,point,25984616903,40000000000,29402737879
219,-1,7,PDE.solveImpl.afterSolve,point,25984616903,40000000000,29402737879
220,7,7,pEqn,exit,25984616903,40000000000,29402737879
221,7,7,after-pEqn,point,23857780783,40000000000,29402737879
222,-1,7,kOmegaSST.correct,enter,23857780783,40000000000,29402737879
223,-1,7,kOmegaSST.afterGradients,point,23857780783,40000000000,29402737879
224,-1,7,kOmegaSST.omegaEqn.before,point,23857780783,40000000000,29402737879
225,-1,7,PDE.solveImpl.beforeAssemble,point,23857780783,40000000000,29402737879
226,-1,7,PDE.solveImpl.afterAssemble,point,23857780783,40000000000,29402737879
227,-1,7,PDE.solveImpl.beforeSolve,point,23857780783,40000000000,29402737879
228,-1,7,PDE.solveImpl.afterSolve,point,23857780783,40000000000,29402737879
229,-1,7,kOmegaSST.omegaEqn.after,point,23857780783,40000000000,29402737879
230,-1,7,kOmegaSST.kEqn.before,point,23857780783,40000000000,29402737879
231,-1,7,PDE.solveImpl.beforeAssemble,point,23248808331,40000000000,28634178675
232,-1,7,PDE.solveImpl.afterAssemble,point,23248808331,40000000000,28634178675
233,-1,7,PDE.solveImpl.beforeSolve,point,23248808331,40000000000,28634178675
234,-1,7,PDE.solveImpl.afterSolve,point,23248808331,40000000000,28634178675
235,-1,7,kOmegaSST.kEqn.after,point,23248808331,40000000000,28634178675
236,-1,7,kOmegaSST.correct,exit,23248808331,40000000000,28634178675
237,7,7,after-turb,point,23248808331,40000000000,28634178675
238,7,7,timeStep,exit,23248808331,40000000000,28634178675
239,8,8,timeStep,enter,23248808331,40000000000,28634178675
240,8,8,step-start,point,23248808331,40000000000,28634178675
241,8,8,momentumSolve,enter,23248808331,40000000000,28634178675
242,-1,8,PDE.solveRhs.afterAssemble,point,23248808331,40000000000,28634178675
243,-1,8,PDE.solveRhs.afterSavedRhs,point,23640816915,40000000000,28634178675
244,-1,8,PDE.solveRhs.beforeSolve,point,23640816915,40000000000,28634178675
245,-1,8,PDE.solveRhs.afterSolve,point,23640816915,40000000000,28634178675
246,8,8,momentumSolve,exit,23248808331,40000000000,28634178675
247,8,8,after-UEqn,point,23248808331,40000000000,28634178675
248,8,8,pEqn,enter,25294360027,40000000000,28634178675
249,-1,8,PDE.solveImpl.beforeAssemble,point,25294360027,40000000000,28634178675
250,-1,8,PDE.solveImpl.afterAssemble,point,25294360027,40000000000,28634178675
251,-1,8,PDE.solveImpl.beforeSolve,point,25294360027,40000000000,28634178675
252,-1,8,PDE.solveImpl.afterSolve,point,25294360027,40000000000,28634178675
253,8,8,pEqn,exit,25294360027,40000000000,28634178675
254,8,8,after-pEqn,point,23248808331,40000000000,28634178675
255,-1,8,kOmegaSST.correct,enter,23248808331,40000000000,28634178675
256,-1,8,kOmegaSST.afterGradients,point,23248808331,40000000000,28634178675
257,-1,8,kOmegaSST.omegaEqn.before,point,23248808331,40000000000,28634178675
258,-1,8,PDE.solveImpl.beforeAssemble,point,23248808331,40000000000,28634178675
259,-1,8,PDE.solveImpl.afterAssemble,point,23248808331,40000000000,28634178675
260,-1,8,PDE.solveImpl.beforeSolve,point,23248808331,40000000000,28634178675
261,-1,8,PDE.solveImpl.afterSolve,point,23248808331,40000000000,28634178675
262,-1,8,kOmegaSST.omegaEqn.after,point,23248808331,40000000000,28634178675
263,-1,8,kOmegaSST.kEqn.before,point,23248808331,40000000000,28634178675
264,-1,8,PDE.solveImpl.beforeAssemble,point,23248808331,40000000000,28634178675
265,-1,8,PDE.solveImpl.afterAssemble,point,23248808331,40000000000,28634178675
266,-1,8,PDE.solveImpl.beforeSolve,point,23248808331,40000000000,28634178675
267,-1,8,PDE.solveImpl.afterSolve,point,23248808331,40000000000,28634178675
268,-1,8,kOmegaSST.kEqn.after,point,23248808331,40000000000,28634178675
269,-1,8,kOmegaSST.correct,exit,23248808331,40000000000,28634178675
270,8,8,after-turb,point,23248808331,40000000000,28634178675
271,8,8,timeStep,exit,23248808331,40000000000,28634178675
272,9,9,timeStep,enter,23248808331,40000000000,28634178675
273,9,9,step-start,point,23248808331,40000000000,28634178675
274,9,9,momentumSolve,enter,23248808331,40000000000,28634178675
275,-1,9,PDE.solveRhs.afterAssemble,point,23248808331,40000000000,28634178675
276,-1,9,PDE.solveRhs.afterSavedRhs,point,23640816915,40000000000,28634178675
277,-1,9,PDE.solveRhs.beforeSolve,point,23640816915,40000000000,28634178675
278,-1,9,PDE.solveRhs.afterSolve,point,23640816915,40000000000,28634178675
279,9,9,momentumSolve,exit,23248808331,40000000000,28634178675
280,9,9,after-UEqn,point,23248808331,40000000000,28634178675
281,9,9,pEqn,enter,25294360027,40000000000,28634178675
282,-1,9,PDE.solveImpl.beforeAssemble,point,25294360027,40000000000,28634178675
283,-1,9,PDE.solveImpl.afterAssemble,point,25294360027,40000000000,28634178675
284,-1,9,PDE.solveImpl.beforeSolve,point,25294360027,40000000000,28634178675
285,-1,9,PDE.solveImpl.afterSolve,point,25294360027,40000000000,28634178675
286,9,9,pEqn,exit,25294360027,40000000000,28634178675
287,9,9,after-pEqn,point,23248808331,40000000000,28634178675
288,-1,9,kOmegaSST.correct,enter,23248808331,40000000000,28634178675
289,-1,9,kOmegaSST.afterGradients,point,23248808331,40000000000,28634178675
290,-1,9,kOmegaSST.omegaEqn.before,point,23248808331,40000000000,28634178675
291,-1,9,PDE.solveImpl.beforeAssemble,point,23248808331,40000000000,28634178675
292,-1,9,PDE.solveImpl.afterAssemble,point,23248808331,40000000000,28634178675
293,-1,9,PDE.solveImpl.beforeSolve,point,23248808331,40000000000,28634178675
294,-1,9,PDE.solveImpl.afterSolve,point,23248808331,40000000000,28634178675
295,-1,9,kOmegaSST.omegaEqn.after,point,23248808331,40000000000,28634178675
296,-1,9,kOmegaSST.kEqn.before,point,23248808331,40000000000,28634178675
297,-1,9,PDE.solveImpl.beforeAssemble,point,23248808331,40000000000,28634178675
298,-1,9,PDE.solveImpl.afterAssemble,point,23248808331,40000000000,28634178675
299,-1,9,PDE.solveImpl.beforeSolve,point,23248808331,40000000000,28634178675
300,-1,9,PDE.solveImpl.afterSolve,point,23248808331,40000000000,28634178675
301,-1,9,kOmegaSST.kEqn.after,point,23248808331,40000000000,28634178675
302,-1,9,kOmegaSST.correct,exit,23248808331,40000000000,28634178675
303,9,9,after-turb,point,23248808331,40000000000,28634178675
304,9,9,timeStep,exit,23248808331,40000000000,28634178675
305,10,10,timeStep,enter,23248808331,40000000000,28634178675
306,10,10,step-start,point,23248808331,40000000000,28634178675
307,10,10,momentumSolve,enter,23248808331,40000000000,28634178675
308,-1,10,PDE.solveRhs.afterAssemble,point,23248808331,40000000000,28634178675
309,-1,10,PDE.solveRhs.afterSavedRhs,point,23640816915,40000000000,28634178675
310,-1,10,PDE.solveRhs.beforeSolve,point,23640816915,40000000000,28634178675
311,-1,10,PDE.solveRhs.afterSolve,point,23640816915,40000000000,28634178675
312,10,10,momentumSolve,exit,23248808331,40000000000,28634178675
313,10,10,after-UEqn,point,23248808331,40000000000,28634178675
314,10,10,pEqn,enter,25294360027,40000000000,28634178675
315,-1,10,PDE.solveImpl.beforeAssemble,point,25294360027,40000000000,28634178675
316,-1,10,PDE.solveImpl.afterAssemble,point,25294360027,40000000000,28634178675
317,-1,10,PDE.solveImpl.beforeSolve,point,25294360027,40000000000,28634178675
318,-1,10,PDE.solveImpl.afterSolve,point,25294360027,40000000000,28634178675
319,10,10,pEqn,exit,25294360027,40000000000,28634178675
320,10,10,after-pEqn,point,23248808331,40000000000,28634178675
321,-1,10,kOmegaSST.correct,enter,23248808331,40000000000,28634178675
322,-1,10,kOmegaSST.afterGradients,point,23248808331,40000000000,28634178675
323,-1,10,kOmegaSST.omegaEqn.before,point,23248808331,40000000000,28634178675
324,-1,10,PDE.solveImpl.beforeAssemble,point,23248808331,40000000000,28634178675
325,-1,10,PDE.solveImpl.afterAssemble,point,23248808331,40000000000,28634178675
326,-1,10,PDE.solveImpl.beforeSolve,point,23248808331,40000000000,28634178675
327,-1,10,PDE.solveImpl.afterSolve,point,23248808331,40000000000,28634178675
328,-1,10,kOmegaSST.omegaEqn.after,point,23248808331,40000000000,28634178675
329,-1,10,kOmegaSST.kEqn.before,point,23248808331,40000000000,28634178675
330,-1,10,PDE.solveImpl.beforeAssemble,point,23248808331,40000000000,28634178675
331,-1,10,PDE.solveImpl.afterAssemble,point,23248808331,40000000000,28634178675
332,-1,10,PDE.solveImpl.beforeSolve,point,23248808331,40000000000,28634178675
333,-1,10,PDE.solveImpl.afterSolve,point,23248808331,40000000000,28634178675
334,-1,10,kOmegaSST.kEqn.after,point,23248808331,40000000000,28634178675
335,-1,10,kOmegaSST.correct,exit,23248808331,40000000000,28634178675
336,10,10,after-turb,point,23248808331,40000000000,28634178675
337,10,10,timeStep,exit,23248808331,40000000000,28634178675
338,11,11,timeStep,enter,23248808331,40000000000,28634178675
339,11,11,step-start,point,23248808331,40000000000,28634178675
340,11,11,momentumSolve,enter,23248808331,40000000000,28634178675
341,-1,11,PDE.solveRhs.afterAssemble,point,23248808331,40000000000,28634178675
342,-1,11,PDE.solveRhs.afterSavedRhs,point,23640816915,40000000000,28634178675
343,-1,11,PDE.solveRhs.beforeSolve,point,23640816915,40000000000,28634178675
344,-1,11,PDE.solveRhs.afterSolve,point,23640816915,40000000000,28634178675
345,11,11,momentumSolve,exit,23248808331,40000000000,28634178675
346,11,11,after-UEqn,point,23248808331,40000000000,28634178675
347,11,11,pEqn,enter,25294360027,40000000000,28634178675
348,-1,11,PDE.solveImpl.beforeAssemble,point,25294360027,40000000000,28634178675
349,-1,11,PDE.solveImpl.afterAssemble,point,25294360027,40000000000,28634178675
350,-1,11,PDE.solveImpl.beforeSolve,point,25294360027,40000000000,28634178675
351,-1,11,PDE.solveImpl.afterSolve,point,25294360027,40000000000,28634178675
352,11,11,pEqn,exit,25294360027,40000000000,28634178675
353,11,11,after-pEqn,point,23248808331,40000000000,28634178675
354,-1,11,kOmegaSST.correct,enter,23248808331,40000000000,28634178675
355,-1,11,kOmegaSST.afterGradients,point,23248808331,40000000000,28634178675
356,-1,11,kOmegaSST.omegaEqn.before,point,23248808331,40000000000,28634178675
357,-1,11,PDE.solveImpl.beforeAssemble,point,23248808331,40000000000,28634178675
358,-1,11,PDE.solveImpl.afterAssemble,point,23248808331,40000000000,28634178675
359,-1,11,PDE.solveImpl.beforeSolve,point,23248808331,40000000000,28634178675
360,-1,11,PDE.solveImpl.afterSolve,point,23248808331,40000000000,28634178675
361,-1,11,kOmegaSST.omegaEqn.after,point,23248808331,40000000000,28634178675
362,-1,11,kOmegaSST.kEqn.before,point,23248808331,40000000000,28634178675
363,-1,11,PDE.solveImpl.beforeAssemble,point,23248808331,40000000000,28634178675
364,-1,11,PDE.solveImpl.afterAssemble,point,23248808331,40000000000,28634178675
365,-1,11,PDE.solveImpl.beforeSolve,point,23248808331,40000000000,28634178675
366,-1,11,PDE.solveImpl.afterSolve,point,23248808331,40000000000,28634178675
367,-1,11,kOmegaSST.kEqn.after,point,23248808331,40000000000,28634178675
368,-1,11,kOmegaSST.correct,exit,23248808331,40000000000,28634178675
369,11,11,after-turb,point,23248808331,40000000000,28634178675
370,11,11,timeStep,exit,23248808331,40000000000,28634178675
371,12,12,timeStep,enter,23248808331,40000000000,28634178675
372,12,12,step-start,point,23248808331,40000000000,28634178675
373,12,12,momentumSolve,enter,23248808331,40000000000,28634178675
374,-1,12,PDE.solveRhs.afterAssemble,point,23248808331,40000000000,28634178675
375,-1,12,PDE.solveRhs.afterSavedRhs,point,23640816915,40000000000,28634178675
376,-1,12,PDE.solveRhs.beforeSolve,point,23640816915,40000000000,28634178675
377,-1,12,PDE.solveRhs.afterSolve,point,23640816915,40000000000,28634178675
378,12,12,momentumSolve,exit,23248808331,40000000000,28634178675
379,12,12,after-UEqn,point,23248808331,40000000000,28634178675
380,12,12,pEqn,enter,25294360027,40000000000,28634178675
381,-1,12,PDE.solveImpl.beforeAssemble,point,25294360027,40000000000,28634178675
382,-1,12,PDE.solveImpl.afterAssemble,point,25294360027,40000000000,28634178675
383,-1,12,PDE.solveImpl.beforeSolve,point,25294360027,40000000000,28634178675
384,-1,12,PDE.solveImpl.afterSolve,point,25294360027,40000000000,28634178675
385,12,12,pEqn,exit,25294360027,40000000000,28634178675
386,12,12,after-pEqn,point,23248808331,40000000000,28634178675
387,-1,12,kOmegaSST.correct,enter,23248808331,40000000000,28634178675
388,-1,12,kOmegaSST.afterGradients,point,23248808331,40000000000,28634178675
389,-1,12,kOmegaSST.omegaEqn.before,point,23248808331,40000000000,28634178675
390,-1,12,PDE.solveImpl.beforeAssemble,point,23248808331,40000000000,28634178675
391,-1,12,PDE.solveImpl.afterAssemble,point,23248808331,40000000000,28634178675
392,-1,12,PDE.solveImpl.beforeSolve,point,23248808331,40000000000,28634178675
393,-1,12,PDE.solveImpl.afterSolve,point,23248808331,40000000000,28634178675
394,-1,12,kOmegaSST.omegaEqn.after,point,23248808331,40000000000,28634178675
395,-1,12,kOmegaSST.kEqn.before,point,23248808331,40000000000,28634178675
396,-1,12,PDE.solveImpl.beforeAssemble,point,23248808331,40000000000,28634178675
397,-1,12,PDE.solveImpl.afterAssemble,point,23248808331,40000000000,28634178675
398,-1,12,PDE.solveImpl.beforeSolve,point,23248808331,40000000000,28634178675
399,-1,12,PDE.solveImpl.afterSolve,point,23248808331,40000000000,28634178675
400,-1,12,kOmegaSST.kEqn.after,point,23248808331,40000000000,28634178675
401,-1,12,kOmegaSST.correct,exit,23248808331,40000000000,28634178675
402,12,12,after-turb,point,23248808331,40000000000,28634178675
403,12,12,timeStep,exit,23248808331,40000000000,28634178675
404,13,13,timeStep,enter,23248808331,40000000000,28634178675
405,13,13,step-start,point,23248808331,40000000000,28634178675
406,13,13,momentumSolve,enter,23248808331,40000000000,28634178675
407,-1,13,PDE.solveRhs.afterAssemble,point,23248808331,40000000000,28634178675
408,-1,13,PDE.solveRhs.afterSavedRhs,point,23640816915,40000000000,28634178675
409,-1,13,PDE.solveRhs.beforeSolve,point,23640816915,40000000000,28634178675
410,-1,13,PDE.solveRhs.afterSolve,point,23640816915,40000000000,28634178675
411,13,13,momentumSolve,exit,23248808331,40000000000,28634178675
412,13,13,after-UEqn,point,23248808331,40000000000,28634178675
413,13,13,pEqn,enter,25294360027,40000000000,28634178675
414,-1,13,PDE.solveImpl.beforeAssemble,point,25294360027,40000000000,28634178675
415,-1,13,PDE.solveImpl.afterAssemble,point,25294360027,40000000000,28634178675
416,-1,13,PDE.solveImpl.beforeSolve,point,25294360027,40000000000,28634178675
417,-1,13,PDE.solveImpl.afterSolve,point,25294360027,40000000000,28634178675
418,13,13,pEqn,exit,25294360027,40000000000,28634178675
419,13,13,after-pEqn,point,23248808331,40000000000,28634178675
420,-1,13,kOmegaSST.correct,enter,23248808331,40000000000,28634178675
421,-1,13,kOmegaSST.afterGradients,point,23248808331,40000000000,28634178675
422,-1,13,kOmegaSST.omegaEqn.before,point,23248808331,40000000000,28634178675
423,-1,13,PDE.solveImpl.beforeAssemble,point,23248808331,40000000000,28634178675
424,-1,13,PDE.solveImpl.afterAssemble,point,23248808331,40000000000,28634178675
425,-1,13,PDE.solveImpl.beforeSolve,point,23248808331,40000000000,28634178675
426,-1,13,PDE.solveImpl.afterSolve,point,23248808331,40000000000,28634178675
427,-1,13,kOmegaSST.omegaEqn.after,point,23248808331,40000000000,28634178675
428,-1,13,kOmegaSST.kEqn.before,point,23248808331,40000000000,28634178675
429,-1,13,PDE.solveImpl.beforeAssemble,point,23248808331,40000000000,28634178675
430,-1,13,PDE.solveImpl.afterAssemble,point,23248808331,40000000000,28634178675
431,-1,13,PDE.solveImpl.beforeSolve,point,23248808331,40000000000,28634178675
432,-1,13,PDE.solveImpl.afterSolve,point,23248808331,40000000000,28634178675
433,-1,13,kOmegaSST.kEqn.after,point,23248808331,40000000000,28634178675
434,-1,13,kOmegaSST.correct,exit,23248808331,40000000000,28634178675
435,13,13,after-turb,point,23248808331,40000000000,28634178675
436,13,13,timeStep,exit,23248808331,40000000000,28634178675
437,14,14,timeStep,enter,23248808331,40000000000,28634178675
438,14,14,step-start,point,23248808331,40000000000,28634178675
439,14,14,momentumSolve,enter,23248808331,40000000000,28634178675
440,-1,14,PDE.solveRhs.afterAssemble,point,23248808331,40000000000,28634178675
441,-1,14,PDE.solveRhs.afterSavedRhs,point,23640816915,40000000000,28634178675
442,-1,14,PDE.solveRhs.beforeSolve,point,23640816915,40000000000,28634178675
443,-1,14,PDE.solveRhs.afterSolve,point,23640816915,40000000000,28634178675
444,14,14,momentumSolve,exit,23248808331,40000000000,28634178675
445,14,14,after-UEqn,point,23248808331,40000000000,28634178675
446,14,14,pEqn,enter,25294360027,40000000000,28634178675
447,-1,14,PDE.solveImpl.beforeAssemble,point,25294360027,40000000000,28634178675
448,-1,14,PDE.solveImpl.afterAssemble,point,25294360027,40000000000,28634178675
449,-1,14,PDE.solveImpl.beforeSolve,point,25294360027,40000000000,28634178675
450,-1,14,PDE.solveImpl.afterSolve,point,25294360027,40000000000,28634178675
451,14,14,pEqn,exit,25294360027,40000000000,28634178675
452,14,14,after-pEqn,point,23248808331,40000000000,28634178675
453,-1,14,kOmegaSST.correct,enter,23248808331,40000000000,28634178675
454,-1,14,kOmegaSST.afterGradients,point,23248808331,40000000000,28634178675
455,-1,14,kOmegaSST.omegaEqn.before,point,23248808331,40000000000,28634178675
456,-1,14,PDE.solveImpl.beforeAssemble,point,23248808331,40000000000,28634178675
457,-1,14,PDE.solveImpl.afterAssemble,point,23248808331,40000000000,28634178675
458,-1,14,PDE.solveImpl.beforeSolve,point,23248808331,40000000000,28634178675
459,-1,14,PDE.solveImpl.afterSolve,point,23248808331,40000000000,28634178675
460,-1,14,kOmegaSST.omegaEqn.after,point,23248808331,40000000000,28634178675
461,-1,14,kOmegaSST.kEqn.before,point,23248808331,40000000000,28634178675
462,-1,14,PDE.solveImpl.beforeAssemble,point,23248808331,40000000000,28634178675
463,-1,14,PDE.solveImpl.afterAssemble,point,23248808331,40000000000,28634178675
464,-1,14,PDE.solveImpl.beforeSolve,point,23248808331,40000000000,28634178675
465,-1,14,PDE.solveImpl.afterSolve,point,23248808331,40000000000,28634178675
466,-1,14,kOmegaSST.kEqn.after,point,23248808331,40000000000,28634178675
467,-1,14,kOmegaSST.correct,exit,23248808331,40000000000,28634178675
468,14,14,after-turb,point,23248808331,40000000000,28634178675
469,14,14,timeStep,exit,23248808331,40000000000,28634178675
470,15,15,timeStep,enter,23248808331,40000000000,28634178675
471,15,15,step-start,point,23248808331,40000000000,28634178675
472,15,15,momentumSolve,enter,23248808331,40000000000,28634178675
473,-1,15,PDE.solveRhs.afterAssemble,point,23248808331,40000000000,28634178675
474,-1,15,PDE.solveRhs.afterSavedRhs,point,23640816915,40000000000,28634178675
475,-1,15,PDE.solveRhs.beforeSolve,point,23640816915,40000000000,28634178675
476,-1,15,PDE.solveRhs.afterSolve,point,23640816915,40000000000,28634178675
477,15,15,momentumSolve,exit,23248808331,40000000000,28634178675
478,15,15,after-UEqn,point,23248808331,40000000000,28634178675
479,15,15,pEqn,enter,25294360027,40000000000,28634178675
480,-1,15,PDE.solveImpl.beforeAssemble,point,25294360027,40000000000,28634178675
481,-1,15,PDE.solveImpl.afterAssemble,point,25294360027,40000000000,28634178675
482,-1,15,PDE.solveImpl.beforeSolve,point,25294360027,40000000000,28634178675
483,-1,15,PDE.solveImpl.afterSolve,point,25294360027,40000000000,28634178675
484,15,15,pEqn,exit,25294360027,40000000000,28634178675
485,15,15,after-pEqn,point,23248808331,40000000000,28634178675
486,-1,15,kOmegaSST.correct,enter,23248808331,40000000000,28634178675
487,-1,15,kOmegaSST.afterGradients,point,23248808331,40000000000,28634178675
488,-1,15,kOmegaSST.omegaEqn.before,point,23248808331,40000000000,28634178675
489,-1,15,PDE.solveImpl.beforeAssemble,point,23248808331,40000000000,28634178675
490,-1,15,PDE.solveImpl.afterAssemble,point,23248808331,40000000000,28634178675
491,-1,15,PDE.solveImpl.beforeSolve,point,23248808331,40000000000,28634178675
492,-1,15,PDE.solveImpl.afterSolve,point,23248808331,40000000000,28634178675
493,-1,15,kOmegaSST.omegaEqn.after,point,23248808331,40000000000,28634178675
494,-1,15,kOmegaSST.kEqn.before,point,23248808331,40000000000,28634178675
495,-1,15,PDE.solveImpl.beforeAssemble,point,23248808331,40000000000,28634178675
496,-1,15,PDE.solveImpl.afterAssemble,point,23248808331,40000000000,28634178675
497,-1,15,PDE.solveImpl.beforeSolve,point,23248808331,40000000000,28634178675
498,-1,15,PDE.solveImpl.afterSolve,point,23248808331,40000000000,28634178675
499,-1,15,kOmegaSST.kEqn.after,point,23248808331,40000000000,28634178675
500,-1,15,kOmegaSST.correct,exit,23248808331,40000000000,28634178675
501,15,15,after-turb,point,23248808331,40000000000,28634178675
502,15,15,timeStep,exit,23248808331,40000000000,28634178675
503,16,16,timeStep,enter,23248808331,40000000000,28634178675
504,16,16,step-start,point,23248808331,40000000000,28634178675
505,16,16,momentumSolve,enter,23248808331,40000000000,28634178675
506,-1,16,PDE.solveRhs.afterAssemble,point,23248808331,40000000000,28634178675
507,-1,16,PDE.solveRhs.afterSavedRhs,point,23640816915,40000000000,28634178675
508,-1,16,PDE.solveRhs.beforeSolve,point,23640816915,40000000000,28634178675
509,-1,16,PDE.solveRhs.afterSolve,point,23640816915,40000000000,28634178675
510,16,16,momentumSolve,exit,23248808331,40000000000,28634178675
511,16,16,after-UEqn,point,23248808331,40000000000,28634178675
512,16,16,pEqn,enter,25294360027,40000000000,28634178675
513,-1,16,PDE.solveImpl.beforeAssemble,point,25294360027,40000000000,28634178675
514,-1,16,PDE.solveImpl.afterAssemble,point,25294360027,40000000000,28634178675
515,-1,16,PDE.solveImpl.beforeSolve,point,25294360027,40000000000,28634178675
516,-1,16,PDE.solveImpl.afterSolve,point,25294360027,40000000000,28634178675
517,16,16,pEqn,exit,25294360027,40000000000,28634178675
518,16,16,after-pEqn,point,23248808331,40000000000,28634178675
519,-1,16,kOmegaSST.correct,enter,23248808331,40000000000,28634178675
520,-1,16,kOmegaSST.afterGradients,point,23248808331,40000000000,28634178675
521,-1,16,kOmegaSST.omegaEqn.before,point,23248808331,40000000000,28634178675
522,-1,16,PDE.solveImpl.beforeAssemble,point,23248808331,40000000000,28634178675
523,-1,16,PDE.solveImpl.afterAssemble,point,23248808331,40000000000,28634178675
524,-1,16,PDE.solveImpl.beforeSolve,point,23248808331,40000000000,28634178675
525,-1,16,PDE.solveImpl.afterSolve,point,23248808331,40000000000,28634178675
526,-1,16,kOmegaSST.omegaEqn.after,point,23248808331,40000000000,28634178675
527,-1,16,kOmegaSST.kEqn.before,point,23248808331,40000000000,28634178675
528,-1,16,PDE.solveImpl.beforeAssemble,point,23248808331,40000000000,28634178675
529,-1,16,PDE.solveImpl.afterAssemble,point,23248808331,40000000000,28634178675
530,-1,16,PDE.solveImpl.beforeSolve,point,23248808331,40000000000,28634178675
531,-1,16,PDE.solveImpl.afterSolve,point,23248808331,40000000000,28634178675
532,-1,16,kOmegaSST.kEqn.after,point,23248808331,40000000000,28634178675
533,-1,16,kOmegaSST.correct,exit,23248808331,40000000000,28634178675
534,16,16,after-turb,point,23248808331,40000000000,28634178675
535,16,16,timeStep,exit,23248808331,40000000000,28634178675
536,17,17,timeStep,enter,23248808331,40000000000,28634178675
537,17,17,step-start,point,23248808331,40000000000,28634178675
538,17,17,momentumSolve,enter,23248808331,40000000000,28634178675
539,-1,17,PDE.solveRhs.afterAssemble,point,23248808331,40000000000,28634178675
540,-1,17,PDE.solveRhs.afterSavedRhs,point,23640816915,40000000000,28634178675
541,-1,17,PDE.solveRhs.beforeSolve,point,23640816915,40000000000,28634178675
542,-1,17,PDE.solveRhs.afterSolve,point,23640816915,40000000000,28634178675
543,17,17,momentumSolve,exit,23248808331,40000000000,28634178675
544,17,17,after-UEqn,point,23248808331,40000000000,28634178675
545,17,17,pEqn,enter,25294360027,40000000000,28634178675
546,-1,17,PDE.solveImpl.beforeAssemble,point,25294360027,40000000000,28634178675
547,-1,17,PDE.solveImpl.afterAssemble,point,25294360027,40000000000,28634178675
548,-1,17,PDE.solveImpl.beforeSolve,point,25294360027,40000000000,28634178675
549,-1,17,PDE.solveImpl.afterSolve,point,25294360027,40000000000,28634178675
550,17,17,pEqn,exit,25294360027,40000000000,28634178675
551,17,17,after-pEqn,point,23248808331,40000000000,28634178675
552,-1,17,kOmegaSST.correct,enter,23248808331,40000000000,28634178675
553,-1,17,kOmegaSST.afterGradients,point,23248808331,40000000000,28634178675
554,-1,17,kOmegaSST.omegaEqn.before,point,23248808331,40000000000,28634178675
555,-1,17,PDE.solveImpl.beforeAssemble,point,23248808331,40000000000,28634178675
556,-1,17,PDE.solveImpl.afterAssemble,point,23248808331,40000000000,28634178675
557,-1,17,PDE.solveImpl.beforeSolve,point,23248808331,40000000000,28634178675
558,-1,17,PDE.solveImpl.afterSolve,point,23248808331,40000000000,28634178675
559,-1,17,kOmegaSST.omegaEqn.after,point,23248808331,40000000000,28634178675
560,-1,17,kOmegaSST.kEqn.before,point,23248808331,40000000000,28634178675
561,-1,17,PDE.solveImpl.beforeAssemble,point,23248808331,40000000000,28634178675
562,-1,17,PDE.solveImpl.afterAssemble,point,23248808331,40000000000,28634178675
563,-1,17,PDE.solveImpl.beforeSolve,point,23248808331,40000000000,28634178675
564,-1,17,PDE.solveImpl.afterSolve,point,23248808331,40000000000,28634178675
565,-1,17,kOmegaSST.kEqn.after,point,23248808331,40000000000,28634178675
566,-1,17,kOmegaSST.correct,exit,23248808331,40000000000,28634178675
567,17,17,after-turb,point,23248808331,40000000000,28634178675
568,17,17,timeStep,exit,23248808331,40000000000,28634178675
569,18,18,timeStep,enter,23248808331,40000000000,28634178675
570,18,18,step-start,point,23248808331,40000000000,28634178675
571,18,18,momentumSolve,enter,23248808331,40000000000,28634178675
572,-1,18,PDE.solveRhs.afterAssemble,point,23248808331,40000000000,28634178675
573,-1,18,PDE.solveRhs.afterSavedRhs,point,23640816915,40000000000,28634178675
574,-1,18,PDE.solveRhs.beforeSolve,point,23640816915,40000000000,28634178675
575,-1,18,PDE.solveRhs.afterSolve,point,23640816915,40000000000,28634178675
576,18,18,momentumSolve,exit,23248808331,40000000000,28634178675
577,18,18,after-UEqn,point,23248808331,40000000000,28634178675
578,18,18,pEqn,enter,25294360027,40000000000,28634178675
579,-1,18,PDE.solveImpl.beforeAssemble,point,25294360027,40000000000,28634178675
580,-1,18,PDE.solveImpl.afterAssemble,point,25294360027,40000000000,28634178675
581,-1,18,PDE.solveImpl.beforeSolve,point,25294360027,40000000000,28634178675
582,-1,18,PDE.solveImpl.afterSolve,point,25294360027,40000000000,28634178675
583,18,18,pEqn,exit,25294360027,40000000000,28634178675
584,18,18,after-pEqn,point,23248808331,40000000000,28634178675
585,-1,18,kOmegaSST.correct,enter,23248808331,40000000000,28634178675
586,-1,18,kOmegaSST.afterGradients,point,23248808331,40000000000,28634178675
587,-1,18,kOmegaSST.omegaEqn.before,point,23248808331,40000000000,28634178675
588,-1,18,PDE.solveImpl.beforeAssemble,point,23248808331,40000000000,28634178675
589,-1,18,PDE.solveImpl.afterAssemble,point,23248808331,40000000000,28634178675
590,-1,18,PDE.solveImpl.beforeSolve,point,23248808331,40000000000,28634178675
591,-1,18,PDE.solveImpl.afterSolve,point,23248808331,40000000000,28634178675
592,-1,18,kOmegaSST.omegaEqn.after,point,23248808331,40000000000,28634178675
593,-1,18,kOmegaSST.kEqn.before,point,23248808331,40000000000,28634178675
594,-1,18,PDE.solveImpl.beforeAssemble,point,23248808331,40000000000,28634178675
595,-1,18,PDE.solveImpl.afterAssemble,point,23248808331,40000000000,28634178675
596,-1,18,PDE.solveImpl.beforeSolve,point,23248808331,40000000000,28634178675
597,-1,18,PDE.solveImpl.afterSolve,point,23248808331,40000000000,28634178675
598,-1,18,kOmegaSST.kEqn.after,point,23248808331,40000000000,28634178675
599,-1,18,kOmegaSST.correct,exit,23248808331,40000000000,28634178675
600,18,18,after-turb,point,23248808331,40000000000,28634178675
601,18,18,timeStep,exit,23248808331,40000000000,28634178675
602,19,19,timeStep,enter,23248808331,40000000000,28634178675
603,19,19,step-start,point,23248808331,40000000000,28634178675
604,19,19,momentumSolve,enter,23248808331,40000000000,28634178675
605,-1,19,PDE.solveRhs.afterAssemble,point,23248808331,40000000000,28634178675
606,-1,19,PDE.solveRhs.afterSavedRhs,point,23640816915,40000000000,28634178675
607,-1,19,PDE.solveRhs.beforeSolve,point,23640816915,40000000000,28634178675
608,-1,19,PDE.solveRhs.afterSolve,point,23640816915,40000000000,28634178675
609,19,19,momentumSolve,exit,23248808331,40000000000,28634178675
610,19,19,after-UEqn,point,23248808331,40000000000,28634178675
611,19,19,pEqn,enter,25294360027,40000000000,28634178675
612,-1,19,PDE.solveImpl.beforeAssemble,point,25294360027,40000000000,28634178675
613,-1,19,PDE.solveImpl.afterAssemble,point,25294360027,40000000000,28634178675
614,-1,19,PDE.solveImpl.beforeSolve,point,25294360027,40000000000,28634178675
615,-1,19,PDE.solveImpl.afterSolve,point,25294360027,40000000000,28634178675
616,19,19,pEqn,exit,25294360027,40000000000,28634178675
617,19,19,after-pEqn,point,23248808331,40000000000,28634178675
618,-1,19,kOmegaSST.correct,enter,23248808331,40000000000,28634178675
619,-1,19,kOmegaSST.afterGradients,point,23248808331,40000000000,28634178675
620,-1,19,kOmegaSST.omegaEqn.before,point,23248808331,40000000000,28634178675
621,-1,19,PDE.solveImpl.beforeAssemble,point,23248808331,40000000000,28634178675
622,-1,19,PDE.solveImpl.afterAssemble,point,23248808331,40000000000,28634178675
623,-1,19,PDE.solveImpl.beforeSolve,point,23248808331,40000000000,28634178675
624,-1,19,PDE.solveImpl.afterSolve,point,23248808331,40000000000,28634178675
625,-1,19,kOmegaSST.omegaEqn.after,point,23248808331,40000000000,28634178675
626,-1,19,kOmegaSST.kEqn.before,point,23248808331,40000000000,28634178675
627,-1,19,PDE.solveImpl.beforeAssemble,point,23248808331,40000000000,28634178675
628,-1,19,PDE.solveImpl.afterAssemble,point,23248808331,40000000000,28634178675
629,-1,19,PDE.solveImpl.beforeSolve,point,23248808331,40000000000,28634178675
630,-1,19,PDE.solveImpl.afterSolve,point,23248808331,40000000000,28634178675
631,-1,19,kOmegaSST.kEqn.after,point,23248808331,40000000000,28634178675
632,-1,19,kOmegaSST.correct,exit,23248808331,40000000000,28634178675
633,19,19,after-turb,point,23248808331,40000000000,28634178675
634,19,19,timeStep,exit,23248808331,40000000000,28634178675
635,20,20,timeStep,enter,23248808331,40000000000,28634178675
636,20,20,step-start,point,23248808331,40000000000,28634178675
637,20,20,momentumSolve,enter,23248808331,40000000000,28634178675
638,-1,20,PDE.solveRhs.afterAssemble,point,23248808331,40000000000,28634178675
639,-1,20,PDE.solveRhs.afterSavedRhs,point,23640816915,40000000000,28634178675
640,-1,20,PDE.solveRhs.beforeSolve,point,23640816915,40000000000,28634178675
641,-1,20,PDE.solveRhs.afterSolve,point,23640816915,40000000000,28634178675
642,20,20,momentumSolve,exit,23248808331,40000000000,28634178675
643,20,20,after-UEqn,point,23248808331,40000000000,28634178675
644,20,20,pEqn,enter,25294360027,40000000000,28634178675
645,-1,20,PDE.solveImpl.beforeAssemble,point,25294360027,40000000000,28634178675
646,-1,20,PDE.solveImpl.afterAssemble,point,25294360027,40000000000,28634178675
647,-1,20,PDE.solveImpl.beforeSolve,point,25294360027,40000000000,28634178675
648,-1,20,PDE.solveImpl.afterSolve,point,25294360027,40000000000,28634178675
649,20,20,pEqn,exit,25294360027,40000000000,28634178675
650,20,20,after-pEqn,point,23248808331,40000000000,28634178675
651,-1,20,kOmegaSST.correct,enter,23248808331,40000000000,28634178675
652,-1,20,kOmegaSST.afterGradients,point,23248808331,40000000000,28634178675
653,-1,20,kOmegaSST.omegaEqn.before,point,23248808331,40000000000,28634178675
654,-1,20,PDE.solveImpl.beforeAssemble,point,23248808331,40000000000,28634178675
655,-1,20,PDE.solveImpl.afterAssemble,point,23248808331,40000000000,28634178675
656,-1,20,PDE.solveImpl.beforeSolve,point,23248808331,40000000000,28634178675
657,-1,20,PDE.solveImpl.afterSolve,point,23248808331,40000000000,28634178675
658,-1,20,kOmegaSST.omegaEqn.after,point,23248808331,40000000000,28634178675
659,-1,20,kOmegaSST.kEqn.before,point,23248808331,40000000000,28634178675
660,-1,20,PDE.solveImpl.beforeAssemble,point,23248808331,40000000000,28634178675
661,-1,20,PDE.solveImpl.afterAssemble,point,23248808331,40000000000,28634178675
662,-1,20,PDE.solveImpl.beforeSolve,point,23248808331,40000000000,28634178675
663,-1,20,PDE.solveImpl.afterSolve,point,23248808331,40000000000,28634178675
664,-1,20,kOmegaSST.kEqn.after,point,23248808331,40000000000,28634178675
665,-1,20,kOmegaSST.correct,exit,23248808331,40000000000,28634178675
666,20,20,after-turb,point,23248808331,40000000000,28634178675
667,20,20,timeStep,exit,23248808331,40000000000,28634178675
668,21,21,timeStep,enter,23248808331,40000000000,28634178675
669,21,21,step-start,point,23248808331,40000000000,28634178675
670,21,21,momentumSolve,enter,23248808331,40000000000,28634178675
671,-1,21,PDE.solveRhs.afterAssemble,point,23248808331,40000000000,28634178675
672,-1,21,PDE.solveRhs.afterSavedRhs,point,23640816915,40000000000,28634178675
673,-1,21,PDE.solveRhs.beforeSolve,point,23640816915,40000000000,28634178675
674,-1,21,PDE.solveRhs.afterSolve,point,23640816915,40000000000,28634178675
675,21,21,momentumSolve,exit,23248808331,40000000000,28634178675
676,21,21,after-UEqn,point,23248808331,40000000000,28634178675
677,21,21,pEqn,enter,25294360027,40000000000,28634178675
678,-1,21,PDE.solveImpl.beforeAssemble,point,25294360027,40000000000,28634178675
679,-1,21,PDE.solveImpl.afterAssemble,point,25294360027,40000000000,28634178675
680,-1,21,PDE.solveImpl.beforeSolve,point,25294360027,40000000000,28634178675
681,-1,21,PDE.solveImpl.afterSolve,point,25294360027,40000000000,28634178675
682,21,21,pEqn,exit,25294360027,40000000000,28634178675
683,21,21,after-pEqn,point,23248808331,40000000000,28634178675
684,-1,21,kOmegaSST.correct,enter,23248808331,40000000000,28634178675
685,-1,21,kOmegaSST.afterGradients,point,23248808331,40000000000,28634178675
686,-1,21,kOmegaSST.omegaEqn.before,point,23248808331,40000000000,28634178675
687,-1,21,PDE.solveImpl.beforeAssemble,point,23248808331,40000000000,28634178675
688,-1,21,PDE.solveImpl.afterAssemble,point,23248808331,40000000000,28634178675
689,-1,21,PDE.solveImpl.beforeSolve,point,23248808331,40000000000,28634178675
690,-1,21,PDE.solveImpl.afterSolve,point,23248808331,40000000000,28634178675
691,-1,21,kOmegaSST.omegaEqn.after,point,23248808331,40000000000,28634178675
692,-1,21,kOmegaSST.kEqn.before,point,23248808331,40000000000,28634178675
693,-1,21,PDE.solveImpl.beforeAssemble,point,23248808331,40000000000,28634178675
694,-1,21,PDE.solveImpl.afterAssemble,point,23248808331,40000000000,28634178675
695,-1,21,PDE.solveImpl.beforeSolve,point,23248808331,40000000000,28634178675
696,-1,21,PDE.solveImpl.afterSolve,point,23248808331,40000000000,28634178675
697,-1,21,kOmegaSST.kEqn.after,point,23248808331,40000000000,28634178675
698,-1,21,kOmegaSST.correct,exit,23248808331,40000000000,28634178675
699,21,21,after-turb,point,23248808331,40000000000,28634178675
700,21,21,timeStep,exit,23248808331,40000000000,28634178675
701,22,22,timeStep,enter,23248808331,40000000000,28634178675
702,22,22,step-start,point,23248808331,40000000000,28634178675
703,22,22,momentumSolve,enter,23248808331,40000000000,28634178675
704,-1,22,PDE.solveRhs.afterAssemble,point,23248808331,40000000000,28634178675
705,-1,22,PDE.solveRhs.afterSavedRhs,point,23640816915,40000000000,28634178675
706,-1,22,PDE.solveRhs.beforeSolve,point,23640816915,40000000000,28634178675
707,-1,22,PDE.solveRhs.afterSolve,point,23640816915,40000000000,28634178675
708,22,22,momentumSolve,exit,23248808331,40000000000,28634178675
709,22,22,after-UEqn,point,23248808331,40000000000,28634178675
710,22,22,pEqn,enter,25294360027,40000000000,28634178675
711,-1,22,PDE.solveImpl.beforeAssemble,point,25294360027,40000000000,28634178675
712,-1,22,PDE.solveImpl.afterAssemble,point,25294360027,40000000000,28634178675
713,-1,22,PDE.solveImpl.beforeSolve,point,25294360027,40000000000,28634178675
714,-1,22,PDE.solveImpl.afterSolve,point,25294360027,40000000000,28634178675
715,22,22,pEqn,exit,25294360027,40000000000,28634178675
716,22,22,after-pEqn,point,23248808331,40000000000,28634178675
717,-1,22,kOmegaSST.correct,enter,23248808331,40000000000,28634178675
718,-1,22,kOmegaSST.afterGradients,point,23248808331,40000000000,28634178675
719,-1,22,kOmegaSST.omegaEqn.before,point,23248808331,40000000000,28634178675
720,-1,22,PDE.solveImpl.beforeAssemble,point,23248808331,40000000000,28634178675
721,-1,22,PDE.solveImpl.afterAssemble,point,23248808331,40000000000,28634178675
722,-1,22,PDE.solveImpl.beforeSolve,point,23248808331,40000000000,28634178675
723,-1,22,PDE.solveImpl.afterSolve,point,23248808331,40000000000,28634178675
724,-1,22,kOmegaSST.omegaEqn.after,point,23248808331,40000000000,28634178675
725,-1,0,kOmegaSST.boundRepair,enter,23248808331,40000000000,28634178675
726,-1,0,kOmegaSST.boundRepair,exit,23248808331,40000000000,28634178675
727,-1,22,kOmegaSST.kEqn.before,point,23248808331,40000000000,28634178675
728,-1,22,PDE.solveImpl.beforeAssemble,point,23248808331,40000000000,28634178675
729,-1,22,PDE.solveImpl.afterAssemble,point,23248808331,40000000000,28634178675
730,-1,22,PDE.solveImpl.beforeSolve,point,23248808331,40000000000,28634178675
731,-1,22,PDE.solveImpl.afterSolve,point,23248808331,40000000000,28634178675
732,-1,22,kOmegaSST.kEqn.after,point,23248808331,40000000000,28634178675
733,-1,22,kOmegaSST.correct,exit,23248808331,40000000000,28634178675
734,22,22,after-turb,point,23248808331,40000000000,28634178675
735,22,22,timeStep,exit,23248808331,40000000000,28634178675
736,23,23,timeStep,enter,23248808331,40000000000,28634178675
737,23,23,step-start,point,23248808331,40000000000,28634178675
738,23,23,momentumSolve,enter,23248808331,40000000000,28634178675
739,-1,23,PDE.solveRhs.afterAssemble,point,23248808331,40000000000,28634178675
740,-1,23,PDE.solveRhs.afterSavedRhs,point,23640816915,40000000000,28634178675
741,-1,23,PDE.solveRhs.beforeSolve,point,23640816915,40000000000,28634178675
742,-1,23,PDE.solveRhs.afterSolve,point,23640816915,40000000000,28634178675
743,23,23,momentumSolve,exit,23248808331,40000000000,28634178675
744,23,23,after-UEqn,point,23248808331,40000000000,28634178675
745,23,23,pEqn,enter,25294360027,40000000000,28634178675
746,-1,23,PDE.solveImpl.beforeAssemble,point,25294360027,40000000000,28634178675
747,-1,23,PDE.solveImpl.afterAssemble,point,25294360027,40000000000,28634178675
748,-1,23,PDE.solveImpl.beforeSolve,point,25294360027,40000000000,28634178675
749,-1,23,PDE.solveImpl.afterSolve,point,25294360027,40000000000,28634178675
750,23,23,pEqn,exit,25294360027,40000000000,28634178675
751,23,23,after-pEqn,point,23248808331,40000000000,28634178675
752,-1,23,kOmegaSST.correct,enter,23248808331,40000000000,28634178675
753,-1,23,kOmegaSST.afterGradients,point,23248808331,40000000000,28634178675
754,-1,23,kOmegaSST.omegaEqn.before,point,23248808331,40000000000,28634178675
755,-1,23,PDE.solveImpl.beforeAssemble,point,23248808331,40000000000,28634178675
756,-1,23,PDE.solveImpl.afterAssemble,point,23248808331,40000000000,28634178675
757,-1,23,PDE.solveImpl.beforeSolve,point,23248808331,40000000000,28634178675
758,-1,23,PDE.solveImpl.afterSolve,point,23248808331,40000000000,28634178675
759,-1,23,kOmegaSST.omegaEqn.after,point,23248808331,40000000000,28634178675
760,-1,23,kOmegaSST.kEqn.before,point,23248808331,40000000000,28634178675
761,-1,23,PDE.solveImpl.beforeAssemble,point,23248808331,40000000000,28634178675
762,-1,23,PDE.solveImpl.afterAssemble,point,23248808331,40000000000,28634178675
763,-1,23,PDE.solveImpl.beforeSolve,point,23248808331,40000000000,28634178675
764,-1,23,PDE.solveImpl.afterSolve,point,23248808331,40000000000,28634178675
765,-1,23,kOmegaSST.kEqn.after,point,23248808331,40000000000,28634178675
766,-1,23,kOmegaSST.correct,exit,23248808331,40000000000,28634178675
767,23,23,after-turb,point,23248808331,40000000000,28634178675
768,23,23,timeStep,exit,23248808331,40000000000,28634178675
769,24,24,timeStep,enter,23248808331,40000000000,28634178675
770,24,24,step-start,point,23248808331,40000000000,28634178675
771,24,24,momentumSolve,enter,23248808331,40000000000,28634178675
772,-1,24,PDE.solveRhs.afterAssemble,point,23248808331,40000000000,28634178675
773,-1,24,PDE.solveRhs.afterSavedRhs,point,23640816915,40000000000,28634178675
774,-1,24,PDE.solveRhs.beforeSolve,point,23640816915,40000000000,28634178675
775,-1,24,PDE.solveRhs.afterSolve,point,23640816915,40000000000,28634178675
776,24,24,momentumSolve,exit,23248808331,40000000000,28634178675
777,24,24,after-UEqn,point,23248808331,40000000000,28634178675
778,24,24,pEqn,enter,25294360027,40000000000,28634178675
779,-1,24,PDE.solveImpl.beforeAssemble,point,25294360027,40000000000,28634178675
780,-1,24,PDE.solveImpl.afterAssemble,point,25294360027,40000000000,28634178675
781,-1,24,PDE.solveImpl.beforeSolve,point,25294360027,40000000000,28634178675
782,-1,24,PDE.solveImpl.afterSolve,point,25294360027,40000000000,28634178675
783,24,24,pEqn,exit,25294360027,40000000000,28634178675
784,24,24,after-pEqn,point,23248808331,40000000000,28634178675
785,-1,24,kOmegaSST.correct,enter,23248808331,40000000000,28634178675
786,-1,24,kOmegaSST.afterGradients,point,23248808331,40000000000,28634178675
787,-1,24,kOmegaSST.omegaEqn.before,point,23248808331,40000000000,28634178675
788,-1,24,PDE.solveImpl.beforeAssemble,point,23248808331,40000000000,28634178675
789,-1,24,PDE.solveImpl.afterAssemble,point,23248808331,40000000000,28634178675
790,-1,24,PDE.solveImpl.beforeSolve,point,23248808331,40000000000,28634178675
791,-1,24,PDE.solveImpl.afterSolve,point,23248808331,40000000000,28634178675
792,-1,24,kOmegaSST.omegaEqn.after,point,23248808331,40000000000,28634178675
793,-1,24,kOmegaSST.kEqn.before,point,23248808331,40000000000,28634178675
794,-1,24,PDE.solveImpl.beforeAssemble,point,23248808331,40000000000,28634178675
795,-1,24,PDE.solveImpl.afterAssemble,point,23248808331,40000000000,28634178675
796,-1,24,PDE.solveImpl.beforeSolve,point,23248808331,40000000000,28634178675
797,-1,24,PDE.solveImpl.afterSolve,point,23248808331,40000000000,28634178675
798,-1,24,kOmegaSST.kEqn.after,point,23248808331,40000000000,28634178675
799,-1,24,kOmegaSST.correct,exit,23248808331,40000000000,28634178675
800,24,24,after-turb,point,23248808331,40000000000,28634178675
801,24,24,timeStep,exit,23248808331,40000000000,28634178675
802,25,25,timeStep,enter,23248808331,40000000000,28634178675
803,25,25,step-start,point,23248808331,40000000000,28634178675
804,25,25,momentumSolve,enter,23248808331,40000000000,28634178675
805,-1,25,PDE.solveRhs.afterAssemble,point,23248808331,40000000000,28634178675
806,-1,25,PDE.solveRhs.afterSavedRhs,point,23640816915,40000000000,28634178675
807,-1,25,PDE.solveRhs.beforeSolve,point,23640816915,40000000000,28634178675
808,-1,25,PDE.solveRhs.afterSolve,point,23640816915,40000000000,28634178675
809,25,25,momentumSolve,exit,23248808331,40000000000,28634178675
810,25,25,after-UEqn,point,23248808331,40000000000,28634178675
811,25,25,pEqn,enter,25294360027,40000000000,28634178675
812,-1,25,PDE.solveImpl.beforeAssemble,point,25294360027,40000000000,28634178675
813,-1,25,PDE.solveImpl.afterAssemble,point,25294360027,40000000000,28634178675
814,-1,25,PDE.solveImpl.beforeSolve,point,25294360027,40000000000,28634178675
815,-1,25,PDE.solveImpl.afterSolve,point,25294360027,40000000000,28634178675
816,25,25,pEqn,exit,25294360027,40000000000,28634178675
817,25,25,after-pEqn,point,23248808331,40000000000,28634178675
818,-1,25,kOmegaSST.correct,enter,23248808331,40000000000,28634178675
819,-1,25,kOmegaSST.afterGradients,point,23248808331,40000000000,28634178675
820,-1,25,kOmegaSST.omegaEqn.before,point,23248808331,40000000000,28634178675
821,-1,25,PDE.solveImpl.beforeAssemble,point,23248808331,40000000000,28634178675
822,-1,25,PDE.solveImpl.afterAssemble,point,23248808331,40000000000,28634178675
823,-1,25,PDE.solveImpl.beforeSolve,point,23248808331,40000000000,28634178675
824,-1,25,PDE.solveImpl.afterSolve,point,23248808331,40000000000,28634178675
825,-1,25,kOmegaSST.omegaEqn.after,point,23248808331,40000000000,28634178675
826,-1,25,kOmegaSST.kEqn.before,point,23248808331,40000000000,28634178675
827,-1,25,PDE.solveImpl.beforeAssemble,point,23248808331,40000000000,28634178675
828,-1,25,PDE.solveImpl.afterAssemble,point,23248808331,40000000000,28634178675
829,-1,25,PDE.solveImpl.beforeSolve,point,23248808331,40000000000,28634178675
830,-1,25,PDE.solveImpl.afterSolve,point,23248808331,40000000000,28634178675
831,-1,25,kOmegaSST.kEqn.after,point,23248808331,40000000000,28634178675
832,-1,25,kOmegaSST.correct,exit,23248808331,40000000000,28634178675
833,25,25,after-turb,point,23248808331,40000000000,28634178675
834,25,25,timeStep,exit,23248808331,40000000000,28634178675
835,26,26,timeStep,enter,23248808331,40000000000,28634178675
836,26,26,step-start,point,23248808331,40000000000,28634178675
837,26,26,momentumSolve,enter,23248808331,40000000000,28634178675
838,-1,26,PDE.solveRhs.afterAssemble,point,23248808331,40000000000,28634178675
839,-1,26,PDE.solveRhs.afterSavedRhs,point,23640816915,40000000000,28634178675
840,-1,26,PDE.solveRhs.beforeSolve,point,23640816915,40000000000,28634178675
841,-1,26,PDE.solveRhs.afterSolve,point,23640816915,40000000000,28634178675
842,26,26,momentumSolve,exit,23248808331,40000000000,28634178675
843,26,26,after-UEqn,point,23248808331,40000000000,28634178675
844,26,26,pEqn,enter,25294360027,40000000000,28634178675
845,-1,26,PDE.solveImpl.beforeAssemble,point,25294360027,40000000000,28634178675
846,-1,26,PDE.solveImpl.afterAssemble,point,25294360027,40000000000,28634178675
847,-1,26,PDE.solveImpl.beforeSolve,point,25294360027,40000000000,28634178675
848,-1,26,PDE.solveImpl.afterSolve,point,25294360027,40000000000,28634178675
849,26,26,pEqn,exit,25294360027,40000000000,28634178675
850,26,26,after-pEqn,point,23248808331,40000000000,28634178675
851,-1,26,kOmegaSST.correct,enter,23248808331,40000000000,28634178675
852,-1,26,kOmegaSST.afterGradients,point,23248808331,40000000000,28634178675
853,-1,26,kOmegaSST.omegaEqn.before,point,23248808331,40000000000,28634178675
854,-1,26,PDE.solveImpl.beforeAssemble,point,23248808331,40000000000,28634178675
855,-1,26,PDE.solveImpl.afterAssemble,point,23248808331,40000000000,28634178675
856,-1,26,PDE.solveImpl.beforeSolve,point,23248808331,40000000000,28634178675
857,-1,26,PDE.solveImpl.afterSolve,point,23248808331,40000000000,28634178675
858,-1,26,kOmegaSST.omegaEqn.after,point,23248808331,40000000000,28634178675
859,-1,0,kOmegaSST.boundRepair,enter,23248808331,40000000000,28634178675
860,-1,0,kOmegaSST.boundRepair,exit,23248808331,40000000000,28634178675
861,-1,26,kOmegaSST.kEqn.before,point,23248808331,40000000000,28634178675
862,-1,26,PDE.solveImpl.beforeAssemble,point,23248808331,40000000000,28634178675
863,-1,26,PDE.solveImpl.afterAssemble,point,23248808331,40000000000,28634178675
864,-1,26,PDE.solveImpl.beforeSolve,point,23248808331,40000000000,28634178675
865,-1,26,PDE.solveImpl.afterSolve,point,23248808331,40000000000,28634178675
866,-1,26,kOmegaSST.kEqn.after,point,23248808331,40000000000,28634178675
867,-1,26,kOmegaSST.correct,exit,23248808331,40000000000,28634178675
868,26,26,after-turb,point,23248808331,40000000000,28634178675
869,26,26,timeStep,exit,23248808331,40000000000,28634178675
870,27,27,timeStep,enter,23248808331,40000000000,28634178675
871,27,27,step-start,point,23248808331,40000000000,28634178675
872,27,27,momentumSolve,enter,23248808331,40000000000,28634178675
873,-1,27,PDE.solveRhs.afterAssemble,point,23248808331,40000000000,28634178675
874,-1,27,PDE.solveRhs.afterSavedRhs,point,23640816915,40000000000,28634178675
875,-1,27,PDE.solveRhs.beforeSolve,point,23640816915,40000000000,28634178675
876,-1,27,PDE.solveRhs.afterSolve,point,23640816915,40000000000,28634178675
877,27,27,momentumSolve,exit,23248808331,40000000000,28634178675
878,27,27,after-UEqn,point,23248808331,40000000000,28634178675
879,27,27,pEqn,enter,25294360027,40000000000,28634178675
880,-1,27,PDE.solveImpl.beforeAssemble,point,25294360027,40000000000,28634178675
881,-1,27,PDE.solveImpl.afterAssemble,point,25294360027,40000000000,28634178675
882,-1,27,PDE.solveImpl.beforeSolve,point,25294360027,40000000000,28634178675
883,-1,27,PDE.solveImpl.afterSolve,point,25294360027,40000000000,28634178675
884,27,27,pEqn,exit,25294360027,40000000000,28634178675
885,27,27,after-pEqn,point,23248808331,40000000000,28634178675
886,-1,27,kOmegaSST.correct,enter,23248808331,40000000000,28634178675
887,-1,27,kOmegaSST.afterGradients,point,23248808331,40000000000,28634178675
888,-1,27,kOmegaSST.omegaEqn.before,point,23248808331,40000000000,28634178675
889,-1,27,PDE.solveImpl.beforeAssemble,point,23248808331,40000000000,28634178675
890,-1,27,PDE.solveImpl.afterAssemble,point,23248808331,40000000000,28634178675
891,-1,27,PDE.solveImpl.beforeSolve,point,23248808331,40000000000,28634178675
892,-1,27,PDE.solveImpl.afterSolve,point,23248808331,40000000000,28634178675
893,-1,27,kOmegaSST.omegaEqn.after,point,23248808331,40000000000,28634178675
894,-1,27,kOmegaSST.kEqn.before,point,23248808331,40000000000,28634178675
895,-1,27,PDE.solveImpl.beforeAssemble,point,23248808331,40000000000,28634178675
896,-1,27,PDE.solveImpl.afterAssemble,point,23248808331,40000000000,28634178675
897,-1,27,PDE.solveImpl.beforeSolve,point,23248808331,40000000000,28634178675
898,-1,27,PDE.solveImpl.afterSolve,point,23248808331,40000000000,28634178675
899,-1,27,kOmegaSST.kEqn.after,point,23248808331,40000000000,28634178675
900,-1,27,kOmegaSST.correct,exit,23248808331,40000000000,28634178675
901,27,27,after-turb,point,23248808331,40000000000,28634178675
902,27,27,timeStep,exit,23248808331,40000000000,28634178675
903,28,28,timeStep,enter,23248808331,40000000000,28634178675
904,28,28,step-start,point,23248808331,40000000000,28634178675
905,28,28,momentumSolve,enter,23248808331,40000000000,28634178675
906,-1,28,PDE.solveRhs.afterAssemble,point,23248808331,40000000000,28634178675
907,-1,28,PDE.solveRhs.afterSavedRhs,point,23640816915,40000000000,28634178675
908,-1,28,PDE.solveRhs.beforeSolve,point,23640816915,40000000000,28634178675
909,-1,28,PDE.solveRhs.afterSolve,point,23640816915,40000000000,28634178675
910,28,28,momentumSolve,exit,23248808331,40000000000,28634178675
911,28,28,after-UEqn,point,23248808331,40000000000,28634178675
912,28,28,pEqn,enter,25294360027,40000000000,28634178675
913,-1,28,PDE.solveImpl.beforeAssemble,point,25294360027,40000000000,28634178675
914,-1,28,PDE.solveImpl.afterAssemble,point,25294360027,40000000000,28634178675
915,-1,28,PDE.solveImpl.beforeSolve,point,25294360027,40000000000,28634178675
916,-1,28,PDE.solveImpl.afterSolve,point,25294360027,40000000000,28634178675
917,28,28,pEqn,exit,25294360027,40000000000,28634178675
918,28,28,after-pEqn,point,23248808331,40000000000,28634178675
919,-1,28,kOmegaSST.correct,enter,23248808331,40000000000,28634178675
920,-1,28,kOmegaSST.afterGradients,point,23248808331,40000000000,28634178675
921,-1,28,kOmegaSST.omegaEqn.before,point,23248808331,40000000000,28634178675
922,-1,28,PDE.solveImpl.beforeAssemble,point,23248808331,40000000000,28634178675
923,-1,28,PDE.solveImpl.afterAssemble,point,23248808331,40000000000,28634178675
924,-1,28,PDE.solveImpl.beforeSolve,point,23248808331,40000000000,28634178675
925,-1,28,PDE.solveImpl.afterSolve,point,23248808331,40000000000,28634178675
926,-1,28,kOmegaSST.omegaEqn.after,point,23248808331,40000000000,28634178675
927,-1,0,kOmegaSST.boundRepair,enter,23248808331,40000000000,28634178675
928,-1,0,kOmegaSST.boundRepair,exit,23248808331,40000000000,28634178675
929,-1,28,kOmegaSST.kEqn.before,point,23248808331,40000000000,28634178675
930,-1,28,PDE.solveImpl.beforeAssemble,point,23248808331,40000000000,28634178675
931,-1,28,PDE.solveImpl.afterAssemble,point,23248808331,40000000000,28634178675
932,-1,28,PDE.solveImpl.beforeSolve,point,23248808331,40000000000,28634178675
933,-1,28,PDE.solveImpl.afterSolve,point,23248808331,40000000000,28634178675
934,-1,28,kOmegaSST.kEqn.after,point,23248808331,40000000000,28634178675
935,-1,28,kOmegaSST.correct,exit,23248808331,40000000000,28634178675
936,28,28,after-turb,point,23248808331,40000000000,28634178675
937,28,28,timeStep,exit,23248808331,40000000000,28634178675
938,29,29,timeStep,enter,23248808331,40000000000,28634178675
939,29,29,step-start,point,23248808331,40000000000,28634178675
940,29,29,momentumSolve,enter,23248808331,40000000000,28634178675
941,-1,29,PDE.solveRhs.afterAssemble,point,23248808331,40000000000,28634178675
942,-1,29,PDE.solveRhs.afterSavedRhs,point,23640816915,40000000000,28634178675
943,-1,29,PDE.solveRhs.beforeSolve,point,23640816915,40000000000,28634178675
944,-1,29,PDE.solveRhs.afterSolve,point,23640816915,40000000000,28634178675
945,29,29,momentumSolve,exit,23248808331,40000000000,28634178675
946,29,29,after-UEqn,point,23248808331,40000000000,28634178675
947,29,29,pEqn,enter,25294360027,40000000000,28634178675
948,-1,29,PDE.solveImpl.beforeAssemble,point,25294360027,40000000000,28634178675
949,-1,29,PDE.solveImpl.afterAssemble,point,25294360027,40000000000,28634178675
950,-1,29,PDE.solveImpl.beforeSolve,point,25294360027,40000000000,28634178675
951,-1,29,PDE.solveImpl.afterSolve,point,25294360027,40000000000,28634178675
952,29,29,pEqn,exit,25294360027,40000000000,28634178675
953,29,29,after-pEqn,point,23248808331,40000000000,28634178675
954,-1,29,kOmegaSST.correct,enter,23248808331,40000000000,28634178675
955,-1,29,kOmegaSST.afterGradients,point,23248808331,40000000000,28634178675
956,-1,29,kOmegaSST.omegaEqn.before,point,23248808331,40000000000,28634178675
957,-1,29,PDE.solveImpl.beforeAssemble,point,23248808331,40000000000,28634178675
958,-1,29,PDE.solveImpl.afterAssemble,point,23248808331,40000000000,28634178675
959,-1,29,PDE.solveImpl.beforeSolve,point,23248808331,40000000000,28634178675
960,-1,29,PDE.solveImpl.afterSolve,point,23248808331,40000000000,28634178675
961,-1,29,kOmegaSST.omegaEqn.after,point,23248808331,40000000000,28634178675
962,-1,29,kOmegaSST.kEqn.before,point,23248808331,40000000000,28634178675
963,-1,29,PDE.solveImpl.beforeAssemble,point,23248808331,40000000000,28634178675
964,-1,29,PDE.solveImpl.afterAssemble,point,23248808331,40000000000,28634178675
965,-1,29,PDE.solveImpl.beforeSolve,point,23248808331,40000000000,28634178675
966,-1,29,PDE.solveImpl.afterSolve,point,23248808331,40000000000,28634178675
967,-1,29,kOmegaSST.kEqn.after,point,23248808331,40000000000,28634178675
968,-1,29,kOmegaSST.correct,exit,23248808331,40000000000,28634178675
969,29,29,after-turb,point,23248808331,40000000000,28634178675
970,29,29,timeStep,exit,23248808331,40000000000,28634178675
971,30,30,timeStep,enter,23248808331,40000000000,28634178675
972,30,30,step-start,point,23248808331,40000000000,28634178675
973,30,30,momentumSolve,enter,23248808331,40000000000,28634178675
974,-1,30,PDE.solveRhs.afterAssemble,point,23248808331,40000000000,28634178675
975,-1,30,PDE.solveRhs.afterSavedRhs,point,23640816915,40000000000,28634178675
976,-1,30,PDE.solveRhs.beforeSolve,point,23640816915,40000000000,28634178675
977,-1,30,PDE.solveRhs.afterSolve,point,23640816915,40000000000,28634178675
978,30,30,momentumSolve,exit,23248808331,40000000000,28634178675
979,30,30,after-UEqn,point,23248808331,40000000000,28634178675
980,30,30,pEqn,enter,25294360027,40000000000,28634178675
981,-1,30,PDE.solveImpl.beforeAssemble,point,25294360027,40000000000,28634178675
982,-1,30,PDE.solveImpl.afterAssemble,point,25294360027,40000000000,28634178675
983,-1,30,PDE.solveImpl.beforeSolve,point,25294360027,40000000000,28634178675
984,-1,30,PDE.solveImpl.afterSolve,point,25294360027,40000000000,28634178675
985,30,30,pEqn,exit,25294360027,40000000000,28634178675
986,30,30,after-pEqn,point,23248808331,40000000000,28634178675
987,-1,30,kOmegaSST.correct,enter,23248808331,40000000000,28634178675
988,-1,30,kOmegaSST.afterGradients,point,23248808331,40000000000,28634178675
989,-1,30,kOmegaSST.omegaEqn.before,point,23248808331,40000000000,28634178675
990,-1,30,PDE.solveImpl.beforeAssemble,point,23248808331,40000000000,28634178675
991,-1,30,PDE.solveImpl.afterAssemble,point,23248808331,40000000000,28634178675
992,-1,30,PDE.solveImpl.beforeSolve,point,23248808331,40000000000,28634178675
993,-1,30,PDE.solveImpl.afterSolve,point,23248808331,40000000000,28634178675
994,-1,30,kOmegaSST.omegaEqn.after,point,23248808331,40000000000,28634178675
995,-1,0,kOmegaSST.boundRepair,enter,23248808331,40000000000,28634178675
996,-1,0,kOmegaSST.boundRepair,exit,23248808331,40000000000,28634178675
997,-1,30,kOmegaSST.kEqn.before,point,23248808331,40000000000,28634178675
998,-1,30,PDE.solveImpl.beforeAssemble,point,23248808331,40000000000,28634178675
999,-1,30,PDE.solveImpl.afterAssemble,point,23248808331,40000000000,28634178675
1000,-1,30,PDE.solveImpl.beforeSolve,point,23248808331,40000000000,28634178675
1001,-1,30,PDE.solveImpl.afterSolve,point,23248808331,40000000000,28634178675
1002,-1,30,kOmegaSST.kEqn.after,point,23248808331,40000000000,28634178675
1003,-1,30,kOmegaSST.correct,exit,23248808331,40000000000,28634178675
1004,30,30,after-turb,point,23248808331,40000000000,28634178675
1005,30,30,timeStep,exit,23248808331,40000000000,28634178675
